1 0.2027555      
2 0.1603730      
3 0.1580792      
4 0.1558324      
5 0.1506635      
6 0.1436526      
7 0.1337149      
8 0.1253336      
9 0.1199841      
10 0.1152854      
11 0.1116075      
12 0.1069781      
13 0.1043739      
14 0.1003326      
15 0.0974800      
16 0.0949857      
17 0.0926448      
18 0.0902333      
19 0.0893528      
20 0.0866499      
21 0.0850405      
22 0.0844831      
23 0.0822208      
24 0.0811266      
25 0.0802250      
26 0.0787677      
27 0.0776885      
28 0.0763045      
29 0.0748659      
30 0.0734996      
31 0.0722686      
32 0.0709088      
33 0.0697690      
34 0.0697799      
35 0.0674861      
36 0.0662082      
37 0.0661848      
38 0.0652733      
39 0.0642748      
40 0.0639560      
41 0.0625938      
42 0.0617806      
43 0.0607917      
44 0.0609194      
45 0.0598265      
46 0.0593198      
47 0.0591224      
48 0.0581883      
49 0.0573155      
50 0.0567291      
51 0.0444113      
52 0.0450989      
53 0.0450852      
54 0.0446511      
55 0.0438364      
56 0.0433793      
57 0.0429928      
58 0.0426863      
59 0.0419788      
60 0.0418760      
61 0.0410970      
62 0.0408778      
63 0.0406901      
64 0.0404645      
65 0.0395726      
66 0.0392449      
67 0.0391602      
68 0.0386595      
69 0.0387375      
70 0.0384998      
71 0.0375130      
72 0.0373275      
73 0.0374766      
74 0.0373235      
75 0.0366887      
76 0.0363935      
77 0.0359690      
78 0.0359502      
79 0.0360657      
80 0.0355825      
81 0.0351392      
82 0.0353211      
83 0.0348259      
84 0.0345361      
85 0.0345799      
86 0.0341918      
87 0.0340854      
88 0.0340434      
89 0.0338410      
90 0.0334762      
91 0.0334663      
92 0.0334182      
93 0.0331336      
94 0.0329894      
95 0.0328097      
96 0.0330101      
97 0.0328729      
98 0.0323802      
99 0.0319940      
100 0.0322790      
101 0.0257787      
102 0.0261790      
103 0.0263267      
104 0.0262248      
105 0.0260677      
106 0.0259569      
107 0.0259224      
108 0.0257789      
109 0.0254750      
110 0.0254415      
111 0.0253247      
112 0.0251899      
113 0.0251787      
114 0.0248271      
115 0.0248650      
116 0.0248272      
117 0.0247564      
118 0.0246668      
119 0.0244220      
120 0.0245151      
121 0.0241881      
122 0.0242197      
123 0.0241892      
124 0.0239665      
125 0.0241903      
126 0.0239013      
127 0.0238969      
128 0.0238599      
129 0.0237149      
130 0.0236506      
131 0.0236021      
132 0.0235142      
133 0.0233899      
134 0.0233324      
135 0.0232077      
136 0.0232543      
137 0.0231643      
138 0.0233149      
139 0.0230914      
140 0.0231003      
141 0.0230018      
142 0.0229260      
143 0.0229445      
144 0.0227554      
145 0.0226536      
146 0.0228344      
147 0.0226989      
148 0.0227077      
149 0.0224924      
150 0.0224701      
151 0.0195177      
152 0.0196711      
153 0.0197767      
154 0.0198495      
155 0.0197580      
156 0.0197468      
157 0.0196422      
158 0.0195856      
159 0.0194204      
160 0.0194652      
161 0.0194030      
162 0.0194177      
163 0.0193505      
164 0.0193056      
165 0.0192387      
166 0.0191999      
167 0.0191097      
168 0.0191862      
169 0.0190920      
170 0.0189753      
171 0.0190403      
172 0.0189728      
173 0.0189036      
174 0.0189688      
175 0.0188147      
176 0.0188588      
177 0.0187607      
178 0.0188734      
179 0.0186929      
180 0.0187195      
181 0.0185807      
182 0.0185880      
183 0.0186303      
184 0.0186459      
185 0.0184597      
186 0.0184734      
187 0.0185942      
188 0.0183453      
189 0.0184974      
190 0.0183754      
191 0.0183356      
192 0.0182670      
193 0.0183339      
194 0.0182493      
195 0.0182055      
196 0.0182112      
197 0.0182612      
198 0.0181234      
199 0.0182297      
200 0.0180649      
201 0.0166853      
202 0.0167383      
203 0.0168086      
204 0.0168307      
205 0.0167830      
206 0.0167754      
207 0.0167116      
208 0.0167256      
209 0.0167340      
210 0.0166725      
211 0.0166447      
212 0.0166274      
213 0.0165924      
214 0.0165343      
215 0.0165432      
216 0.0165163      
217 0.0164712      
218 0.0164818      
219 0.0164667      
220 0.0164104      
221 0.0163917      
222 0.0164109      
223 0.0163451      
224 0.0163639      
225 0.0162836      
226 0.0163237      
227 0.0162607      
228 0.0162577      
229 0.0162257      
230 0.0161794      
231 0.0162062      
232 0.0161870      
233 0.0161702      
234 0.0161048      
235 0.0161098      
236 0.0161051      
237 0.0160576      
238 0.0160794      
239 0.0160407      
240 0.0159927      
241 0.0160084      
242 0.0159789      
243 0.0159965      
244 0.0159275      
245 0.0158956      
246 0.0158989      
247 0.0158987      
248 0.0158855      
249 0.0158667      
250 0.0158490      
251 0.0151552      
252 0.0151822      
253 0.0152005      
254 0.0152138      
255 0.0152053      
256 0.0151876      
257 0.0151739      
258 0.0151485      
259 0.0151420      
260 0.0151360      
261 0.0151097      
262 0.0150967      
263 0.0150758      
264 0.0150626      
265 0.0150560      
266 0.0150424      
267 0.0150120      
268 0.0150146      
269 0.0149898      
270 0.0149871      
271 0.0149555      
272 0.0149487      
273 0.0149384      
274 0.0149297      
275 0.0149242      
276 0.0148925      
277 0.0149041      
278 0.0148813      
279 0.0148591      
280 0.0148646      
281 0.0148309      
282 0.0148387      
283 0.0148222      
284 0.0147986      
285 0.0147885      
286 0.0147860      
287 0.0147611      
288 0.0147599      
289 0.0147355      
290 0.0147378      
291 0.0147387      
292 0.0147129      
293 0.0147182      
294 0.0146885      
295 0.0146674      
296 0.0146650      
297 0.0146448      
298 0.0146565      
299 0.0146377      
300 0.0146062      
301 0.0142767      
302 0.0142837      
303 0.0143016      
304 0.0143013      
305 0.0142867      
306 0.0142845      
307 0.0142792      
308 0.0142680      
309 0.0142582      
310 0.0142565      
311 0.0142363      
312 0.0142369      
313 0.0142290      
314 0.0142172      
315 0.0142096      
316 0.0142056      
317 0.0141901      
318 0.0141972      
319 0.0141804      
320 0.0141725      
321 0.0141622      
322 0.0141615      
323 0.0141525      
324 0.0141382      
325 0.0141376      
326 0.0141260      
327 0.0141122      
328 0.0141131      
329 0.0140956      
330 0.0140976      
331 0.0140890      
332 0.0140830      
333 0.0140796      
334 0.0140637      
335 0.0140593      
336 0.0140537      
337 0.0140568      
338 0.0140276      
339 0.0140412      
340 0.0140232      
341 0.0140200      
342 0.0140038      
343 0.0140056      
344 0.0139911      
345 0.0139863      
346 0.0139763      
347 0.0139809      
348 0.0139660      
349 0.0139622      
350 0.0139569      
351 0.0137717      
352 0.0137785      
353 0.0137801      
354 0.0137818      
355 0.0137690      
356 0.0137730      
357 0.0137693      
358 0.0137669      
359 0.0137656      
360 0.0137540      
361 0.0137472      
362 0.0137453      
363 0.0137419      
364 0.0137384      
365 0.0137331      
366 0.0137327      
367 0.0137229      
368 0.0137174      
369 0.0137144      
370 0.0137156      
371 0.0137118      
372 0.0137057      
373 0.0136996      
374 0.0136958      
375 0.0136921      
376 0.0136913      
377 0.0136857      
378 0.0136747      
379 0.0136771      
380 0.0136700      
381 0.0136616      
382 0.0136582      
383 0.0136546      
384 0.0136553      
385 0.0136489      
386 0.0136411      
387 0.0136371      
388 0.0136320      
389 0.0136313      
390 0.0136256      
391 0.0136255      
392 0.0136209      
393 0.0136122      
394 0.0136097      
395 0.0136025      
396 0.0136009      
397 0.0135974      
398 0.0135953      
399 0.0135870      
400 0.0135826      
401 0.0134847      
402 0.0134865      
403 0.0134876      
404 0.0134851      
405 0.0134831      
406 0.0134862      
407 0.0134805      
408 0.0134790      
409 0.0134763      
410 0.0134726      
411 0.0134709      
412 0.0134700      
413 0.0134671      
414 0.0134685      
415 0.0134618      
416 0.0134613      
417 0.0134582      
418 0.0134578      
419 0.0134566      
420 0.0134506      
421 0.0134493      
422 0.0134496      
423 0.0134408      
424 0.0134394      
425 0.0134372      
426 0.0134363      
427 0.0134349      
428 0.0134268      
429 0.0134248      
430 0.0134219      
431 0.0134230      
432 0.0134230      
433 0.0134215      
434 0.0134182      
435 0.0134125      
436 0.0134163      
437 0.0134104      
438 0.0134070      
439 0.0134055      
440 0.0134085      
441 0.0134063      
442 0.0134049      
443 0.0134024      
444 0.0133977      
445 0.0133971      
446 0.0133937      
447 0.0133910      
448 0.0133846      
449 0.0133828      
450 0.0133760      
451 0.0133207      
452 0.0133228      
453 0.0133252      
454 0.0133232      
455 0.0133197      
456 0.0133232      
457 0.0133268      
458 0.0133247      
459 0.0133252      
460 0.0133227      
461 0.0133196      
462 0.0133220      
463 0.0133181      
464 0.0133165      
465 0.0133154      
466 0.0133155      
467 0.0133140      
468 0.0133094      
469 0.0133095      
470 0.0133071      
471 0.0133095      
472 0.0133054      
473 0.0133022      
474 0.0133008      
475 0.0133027      
476 0.0133007      
477 0.0133000      
478 0.0132984      
479 0.0132971      
480 0.0132960      
481 0.0132944      
482 0.0132913      
483 0.0132928      
484 0.0132900      
485 0.0132875      
486 0.0132866      
487 0.0132846      
488 0.0132819      
489 0.0132828      
490 0.0132807      
491 0.0132773      
492 0.0132777      
493 0.0132758      
494 0.0132758      
495 0.0132743      
496 0.0132729      
497 0.0132733      
498 0.0132691      
499 0.0132686      
500 0.0132670      
