1 0.0939382      
2 0.0453736      
3 0.0362782      
4 0.0317494      
5 0.0285276      
6 0.0262892      
7 0.0250798      
8 0.0235469      
9 0.0226559      
10 0.0225748      
11 0.0218261      
12 0.0203318      
13 0.0207764      
14 0.0196464      
15 0.0194557      
16 0.0193226      
17 0.0189299      
18 0.0185584      
19 0.0182783      
20 0.0180940      
21 0.0177668      
22 0.0172418      
23 0.0173695      
24 0.0171005      
25 0.0167204      
26 0.0167013      
27 0.0162797      
28 0.0164329      
29 0.0164859      
30 0.0157523      
31 0.0159964      
32 0.0157001      
33 0.0158943      
34 0.0155132      
35 0.0150980      
36 0.0153260      
37 0.0154906      
38 0.0149112      
39 0.0146942      
40 0.0149476      
41 0.0146777      
42 0.0147607      
43 0.0145464      
44 0.0143560      
45 0.0142965      
46 0.0144706      
47 0.0145676      
48 0.0139423      
49 0.0140673      
50 0.0138512      
51 0.0096080      
52 0.0095685      
53 0.0094818      
54 0.0096631      
55 0.0096467      
56 0.0093876      
57 0.0093309      
58 0.0093121      
59 0.0092915      
60 0.0090335      
61 0.0093379      
62 0.0092569      
63 0.0091559      
64 0.0091875      
65 0.0093137      
66 0.0090618      
67 0.0090182      
68 0.0089317      
69 0.0091098      
70 0.0091863      
71 0.0090795      
72 0.0089054      
73 0.0092391      
74 0.0089558      
75 0.0090024      
76 0.0088750      
77 0.0090499      
78 0.0088382      
79 0.0090659      
80 0.0090009      
81 0.0087471      
82 0.0088628      
83 0.0087798      
84 0.0088613      
85 0.0088994      
86 0.0088209      
87 0.0087084      
88 0.0089178      
89 0.0088488      
90 0.0086098      
91 0.0088521      
92 0.0087644      
93 0.0087117      
94 0.0089679      
95 0.0085736      
96 0.0085547      
97 0.0087191      
98 0.0085527      
99 0.0085674      
100 0.0087281      
101 0.0063543      
102 0.0062795      
103 0.0063187      
104 0.0063038      
105 0.0062574      
106 0.0062877      
107 0.0062283      
108 0.0062113      
109 0.0062138      
110 0.0061519      
111 0.0061385      
112 0.0061216      
113 0.0061144      
114 0.0061494      
115 0.0060576      
116 0.0061358      
117 0.0060537      
118 0.0059853      
119 0.0060873      
120 0.0060216      
121 0.0062707      
122 0.0060196      
123 0.0060733      
124 0.0059601      
125 0.0060813      
126 0.0060164      
127 0.0059938      
128 0.0060833      
129 0.0060496      
130 0.0059521      
131 0.0060140      
132 0.0060760      
133 0.0060114      
134 0.0059210      
135 0.0059438      
136 0.0060069      
137 0.0059466      
138 0.0059467      
139 0.0060862      
140 0.0058669      
141 0.0059214      
142 0.0059983      
143 0.0058739      
144 0.0058957      
145 0.0059682      
146 0.0059887      
147 0.0058894      
148 0.0058667      
149 0.0059522      
150 0.0059054      
151 0.0046320      
152 0.0046373      
153 0.0046319      
154 0.0046367      
155 0.0045895      
156 0.0046347      
157 0.0046113      
158 0.0045320      
159 0.0046209      
160 0.0046143      
161 0.0045294      
162 0.0045657      
163 0.0045302      
164 0.0045707      
165 0.0045104      
166 0.0045034      
167 0.0045046      
168 0.0045001      
169 0.0045170      
170 0.0044789      
171 0.0045018      
172 0.0044218      
173 0.0045489      
174 0.0044625      
175 0.0044501      
176 0.0044369      
177 0.0044165      
178 0.0044646      
179 0.0044488      
180 0.0044205      
181 0.0044573      
182 0.0044185      
183 0.0044806      
184 0.0043903      
185 0.0044268      
186 0.0043947      
187 0.0044956      
188 0.0044128      
189 0.0043851      
190 0.0044167      
191 0.0043746      
192 0.0043443      
193 0.0044428      
194 0.0043627      
195 0.0044422      
196 0.0043895      
197 0.0043647      
198 0.0043666      
199 0.0043894      
200 0.0043825      
201 0.0037468      
202 0.0037052      
203 0.0037246      
204 0.0037442      
205 0.0037146      
206 0.0037271      
207 0.0037184      
208 0.0037001      
209 0.0036821      
210 0.0036979      
211 0.0036736      
212 0.0036931      
213 0.0036899      
214 0.0036993      
215 0.0036470      
216 0.0036648      
217 0.0036414      
218 0.0036353      
219 0.0036585      
220 0.0036304      
221 0.0036299      
222 0.0036417      
223 0.0036425      
224 0.0036334      
225 0.0036017      
226 0.0036109      
227 0.0036263      
228 0.0036038      
229 0.0035892      
230 0.0036145      
231 0.0036086      
232 0.0035850      
233 0.0036017      
234 0.0036035      
235 0.0035610      
236 0.0035766      
237 0.0035730      
238 0.0035690      
239 0.0035713      
240 0.0035565      
241 0.0035505      
242 0.0035714      
243 0.0035789      
244 0.0035593      
245 0.0035561      
246 0.0035792      
247 0.0035277      
248 0.0035482      
249 0.0035388      
250 0.0035511      
251 0.0032076      
252 0.0032079      
253 0.0032218      
254 0.0032179      
255 0.0032260      
256 0.0032094      
257 0.0032160      
258 0.0032243      
259 0.0032136      
260 0.0031955      
261 0.0032100      
262 0.0032011      
263 0.0031858      
264 0.0031869      
265 0.0031961      
266 0.0031949      
267 0.0031905      
268 0.0031814      
269 0.0031707      
270 0.0031721      
271 0.0031768      
272 0.0031735      
273 0.0031660      
274 0.0031615      
275 0.0031771      
276 0.0031489      
277 0.0031634      
278 0.0031485      
279 0.0031557      
280 0.0031486      
281 0.0031579      
282 0.0031451      
283 0.0031447      
284 0.0031437      
285 0.0031484      
286 0.0031282      
287 0.0031359      
288 0.0031426      
289 0.0031310      
290 0.0031344      
291 0.0031052      
292 0.0031330      
293 0.0031135      
294 0.0031245      
295 0.0031160      
296 0.0031148      
297 0.0031121      
298 0.0031143      
299 0.0031192      
300 0.0031008      
301 0.0029397      
302 0.0029439      
303 0.0029449      
304 0.0029474      
305 0.0029557      
306 0.0029425      
307 0.0029380      
308 0.0029472      
309 0.0029401      
310 0.0029453      
311 0.0029356      
312 0.0029311      
313 0.0029399      
314 0.0029265      
315 0.0029324      
316 0.0029243      
317 0.0029280      
318 0.0029254      
319 0.0029229      
320 0.0029175      
321 0.0029213      
322 0.0029238      
323 0.0029153      
324 0.0029147      
325 0.0029158      
326 0.0029231      
327 0.0029058      
328 0.0029081      
329 0.0029096      
330 0.0029077      
331 0.0029053      
332 0.0029025      
333 0.0029114      
334 0.0029040      
335 0.0028941      
336 0.0029025      
337 0.0028979      
338 0.0028918      
339 0.0028996      
340 0.0028912      
341 0.0028852      
342 0.0028905      
343 0.0028942      
344 0.0028812      
345 0.0028883      
346 0.0028809      
347 0.0028835      
348 0.0028843      
349 0.0028824      
350 0.0028734      
351 0.0027948      
352 0.0027931      
353 0.0027952      
354 0.0027968      
355 0.0027971      
356 0.0027952      
357 0.0027925      
358 0.0027973      
359 0.0027892      
360 0.0027913      
361 0.0027911      
362 0.0027897      
363 0.0027849      
364 0.0027900      
365 0.0027858      
366 0.0027878      
367 0.0027842      
368 0.0027857      
369 0.0027808      
370 0.0027818      
371 0.0027829      
372 0.0027807      
373 0.0027769      
374 0.0027766      
375 0.0027761      
376 0.0027762      
377 0.0027757      
378 0.0027737      
379 0.0027729      
380 0.0027708      
381 0.0027712      
382 0.0027724      
383 0.0027678      
384 0.0027665      
385 0.0027701      
386 0.0027665      
387 0.0027657      
388 0.0027652      
389 0.0027648      
390 0.0027689      
391 0.0027616      
392 0.0027672      
393 0.0027620      
394 0.0027613      
395 0.0027607      
396 0.0027622      
397 0.0027567      
398 0.0027584      
399 0.0027579      
400 0.0027541      
401 0.0027125      
402 0.0027142      
403 0.0027109      
404 0.0027125      
405 0.0027122      
406 0.0027116      
407 0.0027131      
408 0.0027104      
409 0.0027085      
410 0.0027093      
411 0.0027098      
412 0.0027070      
413 0.0027074      
414 0.0027073      
415 0.0027066      
416 0.0027060      
417 0.0027068      
418 0.0027064      
419 0.0027043      
420 0.0027045      
421 0.0027009      
422 0.0027046      
423 0.0027023      
424 0.0027029      
425 0.0027002      
426 0.0027011      
427 0.0027022      
428 0.0026984      
429 0.0026999      
430 0.0026988      
431 0.0026975      
432 0.0026971      
433 0.0026962      
434 0.0026996      
435 0.0026966      
436 0.0026977      
437 0.0026949      
438 0.0026979      
439 0.0026969      
440 0.0026934      
441 0.0026930      
442 0.0026936      
443 0.0026907      
444 0.0026924      
445 0.0026909      
446 0.0026914      
447 0.0026903      
448 0.0026904      
449 0.0026893      
450 0.0026904      
451 0.0026632      
452 0.0026632      
453 0.0026659      
454 0.0026644      
455 0.0026661      
456 0.0026635      
457 0.0026679      
458 0.0026643      
459 0.0026656      
460 0.0026651      
461 0.0026650      
462 0.0026637      
463 0.0026657      
464 0.0026621      
465 0.0026611      
466 0.0026609      
467 0.0026632      
468 0.0026610      
469 0.0026616      
470 0.0026608      
471 0.0026609      
472 0.0026608      
473 0.0026622      
474 0.0026596      
475 0.0026585      
476 0.0026606      
477 0.0026596      
478 0.0026596      
479 0.0026592      
480 0.0026605      
481 0.0026570      
482 0.0026559      
483 0.0026570      
484 0.0026557      
485 0.0026577      
486 0.0026548      
487 0.0026572      
488 0.0026579      
489 0.0026555      
490 0.0026560      
491 0.0026546      
492 0.0026577      
493 0.0026547      
494 0.0026538      
495 0.0026533      
496 0.0026558      
497 0.0026523      
498 0.0026533      
499 0.0026529      
500 0.0026506      
