1 0.0923618      
2 0.0429965      
3 0.0365681      
4 0.0330994      
5 0.0301177      
6 0.0287202      
7 0.0264272      
8 0.0258130      
9 0.0244216      
10 0.0240785      
11 0.0235767      
12 0.0221044      
13 0.0223961      
14 0.0216085      
15 0.0215650      
16 0.0207970      
17 0.0205576      
18 0.0202391      
19 0.0199742      
20 0.0192694      
21 0.0193508      
22 0.0188527      
23 0.0186339      
24 0.0187721      
25 0.0182117      
26 0.0177323      
27 0.0179816      
28 0.0176213      
29 0.0177691      
30 0.0175932      
31 0.0171731      
32 0.0167992      
33 0.0167631      
34 0.0170579      
35 0.0164917      
36 0.0164896      
37 0.0162753      
38 0.0164089      
39 0.0158796      
40 0.0160375      
41 0.0160083      
42 0.0158412      
43 0.0157284      
44 0.0155895      
45 0.0157146      
46 0.0153504      
47 0.0153403      
48 0.0152964      
49 0.0150813      
50 0.0151660      
51 0.0107648      
52 0.0105960      
53 0.0106332      
54 0.0104165      
55 0.0106070      
56 0.0102594      
57 0.0103541      
58 0.0103297      
59 0.0101022      
60 0.0101419      
61 0.0101873      
62 0.0100625      
63 0.0100627      
64 0.0101566      
65 0.0101826      
66 0.0098920      
67 0.0100863      
68 0.0098874      
69 0.0100182      
70 0.0100474      
71 0.0099925      
72 0.0101078      
73 0.0099255      
74 0.0098344      
75 0.0097309      
76 0.0098898      
77 0.0098315      
78 0.0098285      
79 0.0096764      
80 0.0098458      
81 0.0096709      
82 0.0097163      
83 0.0097192      
84 0.0098806      
85 0.0096426      
86 0.0094803      
87 0.0096725      
88 0.0095916      
89 0.0096560      
90 0.0094853      
91 0.0096474      
92 0.0096244      
93 0.0095365      
94 0.0096082      
95 0.0097252      
96 0.0094949      
97 0.0094863      
98 0.0097142      
99 0.0093476      
100 0.0097485      
101 0.0070551      
102 0.0070245      
103 0.0070094      
104 0.0068940      
105 0.0069929      
106 0.0069309      
107 0.0069068      
108 0.0068811      
109 0.0068695      
110 0.0068421      
111 0.0068065      
112 0.0067174      
113 0.0067572      
114 0.0067819      
115 0.0067890      
116 0.0067612      
117 0.0068300      
118 0.0067730      
119 0.0068162      
120 0.0066595      
121 0.0067123      
122 0.0067126      
123 0.0067226      
124 0.0066518      
125 0.0066712      
126 0.0067657      
127 0.0066980      
128 0.0066123      
129 0.0067270      
130 0.0066904      
131 0.0066420      
132 0.0066086      
133 0.0066520      
134 0.0065498      
135 0.0066597      
136 0.0065729      
137 0.0066149      
138 0.0066028      
139 0.0066449      
140 0.0065567      
141 0.0065868      
142 0.0065691      
143 0.0065327      
144 0.0065960      
145 0.0066089      
146 0.0064939      
147 0.0065472      
148 0.0065478      
149 0.0065261      
150 0.0065169      
151 0.0051912      
152 0.0051579      
153 0.0051691      
154 0.0051343      
155 0.0051268      
156 0.0051299      
157 0.0050667      
158 0.0051369      
159 0.0050669      
160 0.0050824      
161 0.0050792      
162 0.0049965      
163 0.0050577      
164 0.0050272      
165 0.0050533      
166 0.0050103      
167 0.0049630      
168 0.0049994      
169 0.0049883      
170 0.0049576      
171 0.0050340      
172 0.0049053      
173 0.0049723      
174 0.0049473      
175 0.0049679      
176 0.0049230      
177 0.0048864      
178 0.0049047      
179 0.0049234      
180 0.0049658      
181 0.0049374      
182 0.0049087      
183 0.0049342      
184 0.0048581      
185 0.0048864      
186 0.0048840      
187 0.0048883      
188 0.0049199      
189 0.0048992      
190 0.0048106      
191 0.0048488      
192 0.0049286      
193 0.0048661      
194 0.0048708      
195 0.0048920      
196 0.0048427      
197 0.0048171      
198 0.0048539      
199 0.0048679      
200 0.0048800      
201 0.0041454      
202 0.0040955      
203 0.0041221      
204 0.0041308      
205 0.0041088      
206 0.0041004      
207 0.0040819      
208 0.0040798      
209 0.0040770      
210 0.0040765      
211 0.0040513      
212 0.0040406      
213 0.0040706      
214 0.0040447      
215 0.0040043      
216 0.0040527      
217 0.0040157      
218 0.0040196      
219 0.0040180      
220 0.0040364      
221 0.0039925      
222 0.0039901      
223 0.0039773      
224 0.0040046      
225 0.0039774      
226 0.0039868      
227 0.0039617      
228 0.0039735      
229 0.0039605      
230 0.0039840      
231 0.0039892      
232 0.0039148      
233 0.0039380      
234 0.0039439      
235 0.0039432      
236 0.0039351      
237 0.0039337      
238 0.0039204      
239 0.0039096      
240 0.0039306      
241 0.0039112      
242 0.0038996      
243 0.0039043      
244 0.0039315      
245 0.0038955      
246 0.0038888      
247 0.0038926      
248 0.0038787      
249 0.0038990      
250 0.0038750      
251 0.0035397      
252 0.0035230      
253 0.0035152      
254 0.0035312      
255 0.0035216      
256 0.0035134      
257 0.0035184      
258 0.0035113      
259 0.0035108      
260 0.0034947      
261 0.0034989      
262 0.0034970      
263 0.0034843      
264 0.0034771      
265 0.0034806      
266 0.0034814      
267 0.0034856      
268 0.0034719      
269 0.0034733      
270 0.0034686      
271 0.0034617      
272 0.0034598      
273 0.0034486      
274 0.0034538      
275 0.0034401      
276 0.0034496      
277 0.0034388      
278 0.0034291      
279 0.0034416      
280 0.0034270      
281 0.0034230      
282 0.0034286      
283 0.0034263      
284 0.0034252      
285 0.0034069      
286 0.0034130      
287 0.0034213      
288 0.0034193      
289 0.0034062      
290 0.0033944      
291 0.0034012      
292 0.0034079      
293 0.0033938      
294 0.0033803      
295 0.0033887      
296 0.0033925      
297 0.0033857      
298 0.0033778      
299 0.0033779      
300 0.0033870      
301 0.0032064      
302 0.0031996      
303 0.0031993      
304 0.0032012      
305 0.0031964      
306 0.0031910      
307 0.0031939      
308 0.0031948      
309 0.0031843      
310 0.0031914      
311 0.0031871      
312 0.0031802      
313 0.0031837      
314 0.0031782      
315 0.0031806      
316 0.0031715      
317 0.0031722      
318 0.0031721      
319 0.0031685      
320 0.0031644      
321 0.0031654      
322 0.0031584      
323 0.0031572      
324 0.0031659      
325 0.0031557      
326 0.0031514      
327 0.0031516      
328 0.0031462      
329 0.0031475      
330 0.0031443      
331 0.0031413      
332 0.0031448      
333 0.0031440      
334 0.0031365      
335 0.0031331      
336 0.0031395      
337 0.0031303      
338 0.0031325      
339 0.0031297      
340 0.0031308      
341 0.0031248      
342 0.0031300      
343 0.0031232      
344 0.0031222      
345 0.0031190      
346 0.0031145      
347 0.0031159      
348 0.0031119      
349 0.0031161      
350 0.0031074      
351 0.0030235      
352 0.0030216      
353 0.0030236      
354 0.0030204      
355 0.0030191      
356 0.0030177      
357 0.0030151      
358 0.0030193      
359 0.0030146      
360 0.0030117      
361 0.0030124      
362 0.0030110      
363 0.0030087      
364 0.0030095      
365 0.0030094      
366 0.0030053      
367 0.0030048      
368 0.0030023      
369 0.0030020      
370 0.0030036      
371 0.0029999      
372 0.0030003      
373 0.0029985      
374 0.0029956      
375 0.0029950      
376 0.0029924      
377 0.0029972      
378 0.0029887      
379 0.0029916      
380 0.0029893      
381 0.0029884      
382 0.0029851      
383 0.0029905      
384 0.0029849      
385 0.0029835      
386 0.0029829      
387 0.0029788      
388 0.0029800      
389 0.0029820      
390 0.0029770      
391 0.0029759      
392 0.0029779      
393 0.0029744      
394 0.0029696      
395 0.0029706      
396 0.0029739      
397 0.0029755      
398 0.0029662      
399 0.0029655      
400 0.0029652      
401 0.0029238      
402 0.0029202      
403 0.0029212      
404 0.0029198      
405 0.0029207      
406 0.0029196      
407 0.0029201      
408 0.0029177      
409 0.0029146      
410 0.0029166      
411 0.0029158      
412 0.0029145      
413 0.0029141      
414 0.0029153      
415 0.0029105      
416 0.0029124      
417 0.0029133      
418 0.0029109      
419 0.0029109      
420 0.0029108      
421 0.0029071      
422 0.0029098      
423 0.0029066      
424 0.0029068      
425 0.0029046      
426 0.0029053      
427 0.0029063      
428 0.0029052      
429 0.0029036      
430 0.0029026      
431 0.0029007      
432 0.0029018      
433 0.0029026      
434 0.0029023      
435 0.0028996      
436 0.0028990      
437 0.0028988      
438 0.0028997      
439 0.0028962      
440 0.0028970      
441 0.0028974      
442 0.0028973      
443 0.0028933      
444 0.0028957      
445 0.0028936      
446 0.0028915      
447 0.0028925      
448 0.0028909      
449 0.0028903      
450 0.0028923      
451 0.0028665      
452 0.0028652      
453 0.0028662      
454 0.0028668      
455 0.0028652      
456 0.0028644      
457 0.0028666      
458 0.0028643      
459 0.0028644      
460 0.0028633      
461 0.0028637      
462 0.0028627      
463 0.0028640      
464 0.0028619      
465 0.0028619      
466 0.0028607      
467 0.0028619      
468 0.0028609      
469 0.0028608      
470 0.0028608      
471 0.0028590      
472 0.0028593      
473 0.0028602      
474 0.0028583      
475 0.0028580      
476 0.0028581      
477 0.0028557      
478 0.0028587      
479 0.0028573      
480 0.0028581      
481 0.0028555      
482 0.0028553      
483 0.0028541      
484 0.0028551      
485 0.0028547      
486 0.0028530      
487 0.0028541      
488 0.0028547      
489 0.0028537      
490 0.0028538      
491 0.0028528      
492 0.0028533      
493 0.0028511      
494 0.0028521      
495 0.0028502      
496 0.0028517      
497 0.0028501      
498 0.0028516      
499 0.0028494      
500 0.0028493      
