      -6.150000	        3.000000	        2.276050
      -6.150000	        2.225806	        2.297713
      -6.150000	        1.451613	        2.027333
      -6.150000	        0.677419	        1.521855
      -6.150000	       -0.096774	        0.916369
      -6.150000	       -0.870968	        0.751945
      -6.150000	       -1.645161	        1.290495
      -6.150000	       -2.419355	        1.906868
      -5.850000	        3.000000	        2.152970
      -5.850000	        2.225806	        2.125086
      -5.850000	        1.451613	        1.911896
      -5.850000	        0.677419	        1.483027
      -5.850000	       -0.096774	        0.885956
      -5.850000	       -0.870968	        0.764557
      -5.850000	       -1.645161	        1.289380
      -5.850000	       -2.419355	        1.908988
      -5.550000	        3.000000	        1.948723
      -5.550000	        2.225806	        1.956670
      -5.550000	        1.451613	        1.787020
      -5.550000	        0.677419	        1.419875
      -5.550000	       -0.096774	        0.848186
      -5.550000	       -0.870968	        0.737799
      -5.550000	       -1.645161	        1.266422
      -5.550000	       -2.419355	        1.903692
      -5.250000	        3.000000	        1.790136
      -5.250000	        2.225806	        1.749880
      -5.250000	        1.451613	        1.649996
      -5.250000	        0.677419	        1.372217
      -5.250000	       -0.096774	        0.851408
      -5.250000	       -0.870968	        0.755035
      -5.250000	       -1.645161	        1.236955
      -5.250000	       -2.419355	        1.909583
      -4.950000	        3.000000	        1.584721
      -4.950000	        2.225806	        1.553790
      -4.950000	        1.451613	        1.525893
      -4.950000	        0.677419	        1.301684
      -4.950000	       -0.096774	        0.849125
      -4.950000	       -0.870968	        0.773916
      -4.950000	       -1.645161	        1.268708
      -4.950000	       -2.419355	        1.925708
      -4.650000	        3.000000	        1.451381
      -4.650000	        2.225806	        1.388599
      -4.650000	        1.451613	        1.377835
      -4.650000	        0.677419	        1.256865
      -4.650000	       -0.096774	        0.880780
      -4.650000	       -0.870968	        0.807458
      -4.650000	       -1.645161	        1.275018
      -4.650000	       -2.419355	        1.915361
      -4.350000	        3.000000	        1.361036
      -4.350000	        2.225806	        1.308752
      -4.350000	        1.451613	        1.310809
      -4.350000	        0.677419	        1.234370
      -4.350000	       -0.096774	        0.934228
      -4.350000	       -0.870968	        0.862510
      -4.350000	       -1.645161	        1.325924
      -4.350000	       -2.419355	        1.955374
      -4.050000	        3.000000	        1.393316
      -4.050000	        2.225806	        1.292405
      -4.050000	        1.451613	        1.290266
      -4.050000	        0.677419	        1.265538
      -4.050000	       -0.096774	        0.982063
      -4.050000	       -0.870968	        0.944788
      -4.050000	       -1.645161	        1.387444
      -4.050000	       -2.419355	        1.982202
      -3.750000	        3.000000	        1.511021
      -3.750000	        2.225806	        1.396287
      -3.750000	        1.451613	        1.343107
      -3.750000	        0.677419	        1.327786
      -3.750000	       -0.096774	        1.067312
      -3.750000	       -0.870968	        1.000991
      -3.750000	       -1.645161	        1.442650
      -3.750000	       -2.419355	        2.030191
      -3.450000	        3.000000	        1.701387
      -3.450000	        2.225806	        1.575992
      -3.450000	        1.451613	        1.482831
      -3.450000	        0.677419	        1.432273
      -3.450000	       -0.096774	        1.164864
      -3.450000	       -0.870968	        1.088505
      -3.450000	       -1.645161	        1.503743
      -3.450000	       -2.419355	        2.047055
      -3.150000	        3.000000	        1.939457
      -3.150000	        2.225806	        1.776810
      -3.150000	        1.451613	        1.615295
      -3.150000	        0.677419	        1.520730
      -3.150000	       -0.096774	        1.265748
      -3.150000	       -0.870968	        1.170753
      -3.150000	       -1.645161	        1.552737
      -3.150000	       -2.419355	        2.084681
      -2.850000	        3.000000	        2.185056
      -2.850000	        2.225806	        1.956874
      -2.850000	        1.451613	        1.783514
      -2.850000	        0.677419	        1.650234
      -2.850000	       -0.096774	        1.390390
      -2.850000	       -0.870968	        1.231462
      -2.850000	       -1.645161	        1.582156
      -2.850000	       -2.419355	        2.108090
      -2.550000	        3.000000	        2.420797
      -2.550000	        2.225806	        2.148304
      -2.550000	        1.451613	        1.933855
      -2.550000	        0.677419	        1.765077
      -2.550000	       -0.096774	        1.482203
      -2.550000	       -0.870968	        1.320770
      -2.550000	       -1.645161	        1.616754
      -2.550000	       -2.419355	        2.144256
      -2.250000	        3.000000	        2.619442
      -2.250000	        2.225806	        2.317414
      -2.250000	        1.451613	        2.107602
      -2.250000	        0.677419	        1.879410
      -2.250000	       -0.096774	        1.568869
      -2.250000	       -0.870968	        1.380779
      -2.250000	       -1.645161	        1.662785
      -2.250000	       -2.419355	        2.174647
      -1.950000	        3.000000	        2.705378
      -1.950000	        2.225806	        2.464118
      -1.950000	        1.451613	        2.234930
      -1.950000	        0.677419	        1.962875
      -1.950000	       -0.096774	        1.653980
      -1.950000	       -0.870968	        1.441309
      -1.950000	       -1.645161	        1.690527
      -1.950000	       -2.419355	        2.201603
      -1.650000	        3.000000	        2.792199
      -1.650000	        2.225806	        2.577516
      -1.650000	        1.451613	        2.379377
      -1.650000	        0.677419	        2.069665
      -1.650000	       -0.096774	        1.723854
      -1.650000	       -0.870968	        1.488475
      -1.650000	       -1.645161	        1.735459
      -1.650000	       -2.419355	        2.237868
      -1.350000	        3.000000	        2.879350
      -1.350000	        2.225806	        2.702474
      -1.350000	        1.451613	        2.477818
      -1.350000	        0.677419	        2.151058
      -1.350000	       -0.096774	        1.783252
      -1.350000	       -0.870968	        1.589926
      -1.350000	       -1.645161	        1.791097
      -1.350000	       -2.419355	        2.260015
      -1.050000	        3.000000	        2.919174
      -1.050000	        2.225806	        2.792752
      -1.050000	        1.451613	        2.584097
      -1.050000	        0.677419	        2.211227
      -1.050000	       -0.096774	        1.848316
      -1.050000	       -0.870968	        1.593826
      -1.050000	       -1.645161	        1.819090
      -1.050000	       -2.419355	        2.266670
      -0.750000	        3.000000	        2.977258
      -0.750000	        2.225806	        2.888398
      -0.750000	        1.451613	        2.644739
      -0.750000	        0.677419	        2.275388
      -0.750000	       -0.096774	        1.855746
      -0.750000	       -0.870968	        1.627171
      -0.750000	       -1.645161	        1.861009
      -0.750000	       -2.419355	        2.301325
      -0.450000	        3.000000	        3.026981
      -0.450000	        2.225806	        2.970608
      -0.450000	        1.451613	        2.691225
      -0.450000	        0.677419	        2.347328
      -0.450000	       -0.096774	        1.874362
      -0.450000	       -0.870968	        1.595162
      -0.450000	       -1.645161	        1.839805
      -0.450000	       -2.419355	        2.292553
      -0.150000	        3.000000	        3.080333
      -0.150000	        2.225806	        3.040148
      -0.150000	        1.451613	        2.756496
      -0.150000	        0.677419	        2.350972
      -0.150000	       -0.096774	        1.892457
      -0.150000	       -0.870968	        1.554868
      -0.150000	       -1.645161	        1.854450
      -0.150000	       -2.419355	        2.280490
       0.150000	        3.000000	        3.179440
       0.150000	        2.225806	        3.124794
       0.150000	        1.451613	        2.818425
       0.150000	        0.677419	        2.348638
       0.150000	       -0.096774	        1.881923
       0.150000	       -0.870968	        1.593683
       0.150000	       -1.645161	        1.853698
       0.150000	       -2.419355	        2.298171
       0.450000	        3.000000	        3.265980
       0.450000	        2.225806	        3.217715
       0.450000	        1.451613	        2.800257
       0.450000	        0.677419	        2.351244
       0.450000	       -0.096774	        1.916092
       0.450000	       -0.870968	        1.604930
       0.450000	       -1.645161	        1.860583
       0.450000	       -2.419355	        2.314577
       0.750000	        3.000000	        3.325253
       0.750000	        2.225806	        3.236569
       0.750000	        1.451613	        2.856677
       0.750000	        0.677419	        2.366771
       0.750000	       -0.096774	        1.900452
       0.750000	       -0.870968	        1.649430
       0.750000	       -1.645161	        1.882050
       0.750000	       -2.419355	        2.295285
       1.050000	        3.000000	        3.306498
       1.050000	        2.225806	        3.233593
       1.050000	        1.451613	        2.877084
       1.050000	        0.677419	        2.341680
       1.050000	       -0.096774	        1.933816
       1.050000	       -0.870968	        1.665372
       1.050000	       -1.645161	        1.883663
       1.050000	       -2.419355	        2.319175
       1.350000	        3.000000	        3.260831
       1.350000	        2.225806	        3.216263
       1.350000	        1.451613	        2.855485
       1.350000	        0.677419	        2.329867
       1.350000	       -0.096774	        1.935574
       1.350000	       -0.870968	        1.659837
       1.350000	       -1.645161	        1.884475
       1.350000	       -2.419355	        2.305722
       1.650000	        3.000000	        3.170223
       1.650000	        2.225806	        3.139247
       1.650000	        1.451613	        2.798951
       1.650000	        0.677419	        2.296248
       1.650000	       -0.096774	        1.908323
       1.650000	       -0.870968	        1.657934
       1.650000	       -1.645161	        1.867191
       1.650000	       -2.419355	        2.316896
       1.950000	        3.000000	        3.018612
       1.950000	        2.225806	        3.046819
       1.950000	        1.451613	        2.711613
       1.950000	        0.677419	        2.235088
       1.950000	       -0.096774	        1.874723
       1.950000	       -0.870968	        1.658504
       1.950000	       -1.645161	        1.877967
       1.950000	       -2.419355	        2.323317
       2.250000	        3.000000	        2.843240
       2.250000	        2.225806	        2.880603
       2.250000	        1.451613	        2.637565
       2.250000	        0.677419	        2.180972
       2.250000	       -0.096774	        1.800213
       2.250000	       -0.870968	        1.661472
       2.250000	       -1.645161	        1.859184
       2.250000	       -2.419355	        2.300826
       2.550000	        3.000000	        2.647040
       2.550000	        2.225806	        2.711481
       2.550000	        1.451613	        2.538997
       2.550000	        0.677419	        2.136020
       2.550000	       -0.096774	        1.769409
       2.550000	       -0.870968	        1.652933
       2.550000	       -1.645161	        1.857356
       2.550000	       -2.419355	        2.289381
       2.850000	        3.000000	        2.503312
       2.850000	        2.225806	        2.557544
       2.850000	        1.451613	        2.442911
       2.850000	        0.677419	        2.123816
       2.850000	       -0.096774	        1.729634
       2.850000	       -0.870968	        1.636444
       2.850000	       -1.645161	        1.857226
       2.850000	       -2.419355	        2.303688
       3.150000	        3.000000	        2.383649
       3.150000	        2.225806	        2.428729
       3.150000	        1.451613	        2.394442
       3.150000	        0.677419	        2.084026
       3.150000	       -0.096774	        1.709098
       3.150000	       -0.870968	        1.625557
       3.150000	       -1.645161	        1.855079
       3.150000	       -2.419355	        2.299420
       3.450000	        3.000000	        2.337243
       3.450000	        2.225806	        2.329427
       3.450000	        1.451613	        2.337786
       3.450000	        0.677419	        2.050280
       3.450000	       -0.096774	        1.678635
       3.450000	       -0.870968	        1.618659
       3.450000	       -1.645161	        1.871308
       3.450000	       -2.419355	        2.297868
       3.750000	        3.000000	        2.353970
       3.750000	        2.225806	        2.290488
       3.750000	        1.451613	        2.280616
       3.750000	        0.677419	        2.016913
       3.750000	       -0.096774	        1.633903
       3.750000	       -0.870968	        1.586491
       3.750000	       -1.645161	        1.848283
       3.750000	       -2.419355	        2.305449
       4.050000	        3.000000	        2.453408
       4.050000	        2.225806	        2.305151
       4.050000	        1.451613	        2.243475
       4.050000	        0.677419	        1.973103
       4.050000	       -0.096774	        1.611220
       4.050000	       -0.870968	        1.564018
       4.050000	       -1.645161	        1.851015
       4.050000	       -2.419355	        2.270948
       4.350000	        3.000000	        2.547718
       4.350000	        2.225806	        2.349344
       4.350000	        1.451613	        2.249223
       4.350000	        0.677419	        1.954351
       4.350000	       -0.096774	        1.569963
       4.350000	       -0.870968	        1.552307
       4.350000	       -1.645161	        1.822129
       4.350000	       -2.419355	        2.256845
       4.650000	        3.000000	        2.640868
       4.650000	        2.225806	        2.442543
       4.650000	        1.451613	        2.222897
       4.650000	        0.677419	        1.912868
       4.650000	       -0.096774	        1.550067
       4.650000	       -0.870968	        1.565297
       4.650000	       -1.645161	        1.812112
       4.650000	       -2.419355	        2.244168
       4.950000	        3.000000	        2.747898
       4.950000	        2.225806	        2.544592
       4.950000	        1.451613	        2.248393
       4.950000	        0.677419	        1.868746
       4.950000	       -0.096774	        1.513538
       4.950000	       -0.870968	        1.543099
       4.950000	       -1.645161	        1.826625
       4.950000	       -2.419355	        2.244095
       5.250000	        3.000000	        2.867960
       5.250000	        2.225806	        2.598426
       5.250000	        1.451613	        2.225397
       5.250000	        0.677419	        1.841876
       5.250000	       -0.096774	        1.455851
       5.250000	       -0.870968	        1.536151
       5.250000	       -1.645161	        1.843803
       5.250000	       -2.419355	        2.264619
       5.550000	        3.000000	        2.866994
       5.550000	        2.225806	        2.649982
       5.550000	        1.451613	        2.250253
       5.550000	        0.677419	        1.825157
       5.550000	       -0.096774	        1.392291
       5.550000	       -0.870968	        1.532839
       5.550000	       -1.645161	        1.871079
       5.550000	       -2.419355	        2.274229
       5.850000	        3.000000	        2.893575
       5.850000	        2.225806	        2.643638
       5.850000	        1.451613	        2.241786
       5.850000	        0.677419	        1.774710
       5.850000	       -0.096774	        1.365781
       5.850000	       -0.870968	        1.489066
       5.850000	       -1.645161	        1.806084
       5.850000	       -2.419355	        2.242498
       6.150000	        3.000000	        2.844286
       6.150000	        2.225806	        2.642736
       6.150000	        1.451613	        2.230383
       6.150000	        0.677419	        1.737873
       6.150000	       -0.096774	        1.251678
       6.150000	       -0.870968	        1.467535
       6.150000	       -1.645161	        1.821135
       6.150000	       -2.419355	        2.243407
