-6.15000     196.52118   
-5.85000     137.79103   
-5.55000     90.30933    
-5.25000     60.64524    
-4.95000     42.35582    
-4.65000     30.82268    
-4.35000     24.79740    
-4.05000     24.72878    
-3.75000     32.10878    
-3.45000     51.96967    
-3.15000     93.70898    
-2.85000     168.57903   
-2.55000     277.74130   
-2.25000     417.27179   
-1.95000     564.74792   
-1.65000     698.60791   
-1.35000     805.68915   
-1.05000     897.79163   
-0.75000     970.07953   
-0.45000     1047.19006  
-0.15000     1181.17310  
0.15000      1417.24963  
0.45000      1736.91296  
0.75000      2061.02661  
1.05000      2168.55005  
1.35000      1957.63977  
1.65000      1523.85901  
1.95000      1051.04590  
2.25000      683.72931   
2.55000      436.70938   
2.85000      304.50464   
3.15000      242.96092   
3.45000      223.32706   
3.75000      240.41307   
4.05000      287.62241   
4.35000      369.30542   
4.65000      487.92340   
4.95000      641.11755   
5.25000      791.74152   
5.55000      837.77551   
5.85000      751.16815   
6.15000      633.45789   
