-6.15000     0.88987     
-5.85000     0.35020     
-5.55000     0.32258     
-5.25000     0.07323     
-4.95000     0.53288     
-4.65000     0.82809     
-4.35000     0.04059     
-4.05000     0.32560     
-3.75000     0.81965     
-3.45000     0.23205     
-3.15000     0.15527     
-2.85000     0.65746     
-2.55000     0.20581     
-2.25000     0.49265     
-1.95000     0.87027     
-1.65000     0.94887     
-1.35000     0.15774     
-1.05000     0.20118     
-0.75000     0.18758     
-0.45000     0.44155     
-0.15000     0.17199     
0.15000      1.07066     
0.45000      0.85594     
0.75000      1.06433     
1.05000      0.56098     
1.35000      0.37940     
1.65000      0.19657     
1.95000      0.78655     
2.25000      0.71675     
2.55000      1.47753     
2.85000      0.78115     
3.15000      0.18468     
3.45000      0.07244     
3.75000      0.36282     
4.05000      0.07122     
4.35000      0.59400     
4.65000      0.68013     
4.95000      0.04002     
5.25000      0.16026     
5.55000      0.37737     
5.85000      0.50843     
6.15000      1.09124     
