-6.15000     79.72038    
-5.85000     79.30598    
-5.55000     78.60406    
-5.25000     79.36227    
-4.95000     80.53106    
-4.65000     83.38654    
-4.35000     89.21158    
-4.05000     96.97689    
-3.75000     106.62492   
-3.45000     117.13662   
-3.15000     129.09161   
-2.85000     140.21442   
-2.55000     151.20250   
-2.25000     160.22015   
-1.95000     168.18866   
-1.65000     175.49957   
-1.35000     182.44211   
-1.05000     189.09924   
-0.75000     193.31334   
-0.45000     197.55429   
-0.15000     201.41130   
0.15000      203.27982   
0.45000      206.54723   
0.75000      208.83910   
1.05000      210.13173   
1.35000      209.90529   
1.65000      210.72667   
1.95000      210.30530   
2.25000      209.08470   
2.55000      206.79900   
2.85000      205.62561   
3.15000      204.58958   
3.45000      202.70891   
3.75000      200.52625   
4.05000      199.23473   
4.35000      195.81235   
4.65000      193.44232   
4.95000      190.69205   
5.25000      189.36415   
5.55000      185.65996   
5.85000      183.92603   
6.15000      184.09160   
