-6.15000     0.66150     
-5.85000     0.20636     
-5.55000     0.20630     
-5.25000     0.26270     
-4.95000     0.48664     
-4.65000     1.26405     
-4.35000     0.03951     
-4.05000     0.42772     
-3.75000     0.85486     
-3.45000     0.27805     
-3.15000     0.13270     
-2.85000     0.50352     
-2.55000     0.56936     
-2.25000     0.21639     
-1.95000     0.11529     
-1.65000     0.37808     
-1.35000     0.36222     
-1.05000     0.39776     
-0.75000     0.74476     
-0.45000     0.22627     
-0.15000     0.09916     
0.15000      0.33257     
0.45000      0.13905     
0.75000      0.14580     
1.05000      0.91021     
1.35000      0.64412     
1.65000      0.00555     
1.95000      0.01147     
2.25000      1.21663     
2.55000      0.08024     
2.85000      0.14373     
3.15000      0.56837     
3.45000      0.21472     
3.75000      1.33011     
4.05000      0.97992     
4.35000      0.74327     
4.65000      0.52874     
4.95000      0.26180     
5.25000      0.05310     
5.55000      0.49586     
5.85000      0.45652     
6.15000      1.23092     
