-6.15000     0.54946     
-5.85000     0.89671     
-5.55000     0.62691     
-5.25000     1.40323     
-4.95000     1.21916     
-4.65000     1.10867     
-4.35000     2.06724     
-4.05000     2.58584     
-3.75000     2.92210     
-3.45000     2.70846     
-3.15000     3.18013     
-2.85000     2.99480     
-2.55000     3.11354     
-2.25000     2.48603     
-1.95000     1.86091     
-1.65000     1.48181     
-1.35000     1.46431     
-1.05000     1.79903     
-0.75000     1.29023     
-0.45000     1.22679     
-0.15000     1.33178     
0.15000      0.77435     
0.45000      1.21458     
0.75000      1.45173     
1.05000      1.46543     
1.35000      0.99822     
1.65000      1.27483     
1.95000      1.18401     
2.25000      0.92805     
2.55000      0.35968     
2.85000      0.50408     
3.15000      0.84940     
3.45000      0.84912     
3.75000      0.70843     
4.05000      0.99732     
4.35000      0.19667     
4.65000      0.02926     
4.95000      0.36107     
5.25000      0.17215     
5.55000      0.46003     
5.85000      0.02317     
6.15000      1.38397     
