-6.15000     2.08362     
-5.85000     2.66945     
-5.55000     0.41900     
-5.25000     0.09626     
-4.95000     1.38407     
-4.65000     0.81241     
-4.35000     1.09207     
-4.05000     2.37480     
-3.75000     5.52343     
-3.45000     8.79861     
-3.15000     8.26616     
-2.85000     8.46075     
-2.55000     9.00125     
-2.25000     10.39604    
-1.95000     8.91476     
-1.65000     3.76601     
-1.35000     0.97221     
-1.05000     0.77297     
-0.75000     1.85744     
-0.45000     2.11083     
-0.15000     2.57154     
0.15000      1.46777     
0.45000      0.81004     
0.75000      1.51335     
1.05000      0.45844     
1.35000      0.88660     
1.65000      1.32594     
1.95000      1.79484     
2.25000      2.16601     
2.55000      2.76030     
2.85000      4.38581     
3.15000      4.16262     
3.45000      2.60256     
3.75000      1.21802     
4.05000      0.53596     
4.35000      2.02600     
4.65000      4.31139     
4.95000      3.02681     
5.25000      1.08475     
5.55000      1.01857     
5.85000      1.11204     
6.15000      2.38507     
