-6.15000     28.81085    
-5.85000     19.23549    
-5.55000     12.02393    
-5.25000     8.70413     
-4.95000     7.58738     
-4.65000     8.03382     
-4.35000     10.52902    
-4.05000     16.52342    
-3.75000     29.40035    
-3.45000     56.62404    
-3.15000     115.67635   
-2.85000     247.24197   
-2.55000     551.53259   
-2.25000     1278.44641  
-1.95000     3156.36865  
-1.65000     7991.71289  
-1.35000     18691.08789 
-1.05000     36715.29297 
-0.75000     59975.53516 
-0.45000     88589.64062 
-0.15000     130579.14062
0.15000      193572.98438
0.45000      263500.90625
0.75000      300946.87500
1.05000      271293.71875
1.35000      187101.21875
1.65000      99630.67188 
1.95000      42124.71484 
2.25000      15159.83887 
2.55000      5260.88818  
2.85000      2038.56812  
3.15000      971.58093   
3.45000      570.94019   
3.75000      419.60199   
4.05000      379.13803   
4.35000      405.21103   
4.65000      474.15076   
4.95000      543.39691   
5.25000      539.83038   
5.55000      438.92252   
5.85000      302.76044   
6.15000      204.72351   
