-6.15000     29.41116    
-5.85000     19.74897    
-5.55000     11.97355    
-5.25000     8.69575     
-4.95000     7.48237     
-4.65000     7.96855     
-4.35000     10.64400    
-4.05000     16.91582    
-3.75000     31.02426    
-3.45000     61.60617    
-3.15000     125.23834   
-2.85000     268.16049   
-2.55000     601.17743   
-2.25000     1411.35425  
-1.95000     3437.75122  
-1.65000     8292.68164  
-1.35000     18872.80469 
-1.05000     36999.08984 
-0.75000     61089.54297 
-0.45000     90459.61719 
-0.15000     133937.03125
0.15000      196414.18750
0.45000      265635.37500
0.75000      305501.25000
1.05000      270050.00000
1.35000      185442.37500
1.65000      100951.71094
1.95000      42880.78516 
2.25000      15488.20215 
2.55000      5406.10449  
2.85000      2127.97583  
3.15000      1012.02411  
3.45000      585.79926   
3.75000      424.71283   
4.05000      377.10602   
4.35000      413.42062   
4.65000      494.59326   
4.95000      559.84448   
5.25000      545.68622   
5.55000      443.39325   
5.85000      299.39362   
6.15000      199.84071   
