-6.15000     190.84097   
-5.85000     132.76208   
-5.55000     86.26984    
-5.25000     57.86729    
-4.95000     40.30046    
-4.65000     29.52717    
-4.35000     23.79565    
-4.05000     23.76057    
-3.75000     30.53904    
-3.45000     48.77978    
-3.15000     87.83053    
-2.85000     158.61345   
-2.55000     262.49658   
-2.25000     396.79074   
-1.95000     538.42633   
-1.65000     670.58551   
-1.35000     775.98785   
-1.05000     868.54675   
-0.75000     948.54242   
-0.45000     1045.84045  
-0.15000     1210.41248  
0.15000      1464.03882  
0.45000      1744.28406  
0.75000      1969.01941  
1.05000      2003.65149  
1.35000      1843.40686  
1.65000      1504.71326  
1.95000      1082.58069  
2.25000      717.73236   
2.55000      450.00546   
2.85000      305.16483   
3.15000      240.99925   
3.45000      221.03157   
3.75000      238.81589   
4.05000      284.76202   
4.35000      363.61279   
4.65000      476.51624   
4.95000      607.98297   
5.25000      724.98199   
5.55000      773.96869   
5.85000      735.51404   
6.15000      664.06750   
