-6.15000     21.80186    
-5.85000     15.08776    
-5.55000     9.56906     
-5.25000     7.15678     
-4.95000     6.17626     
-4.65000     6.64117     
-4.35000     8.61009     
-4.05000     13.95670    
-3.75000     23.19515    
-3.45000     45.98605    
-3.15000     96.75925    
-2.85000     213.78009   
-2.55000     519.72955   
-2.25000     1304.11365  
-1.95000     3219.85864  
-1.65000     7767.87402  
-1.35000     18764.61719 
-1.05000     35374.18750 
-0.75000     59999.31250 
-0.45000     79715.56250 
-0.15000     119082.67188
0.15000      199658.03125
0.45000      271206.75000
0.75000      296717.68750
1.05000      264749.34375
1.35000      180205.60938
1.65000      91897.87500 
1.95000      37933.07812 
2.25000      13495.14355 
2.55000      4741.16895  
2.85000      1818.97473  
3.15000      820.20343   
3.45000      547.44031   
3.75000      382.13116   
4.05000      340.86810   
4.35000      345.41983   
4.65000      388.02487   
4.95000      450.54633   
5.25000      458.81519   
5.55000      398.91611   
5.85000      283.48676   
6.15000      182.44351   
