-6.15000     188.82071   
-5.85000     142.22308   
-5.55000     88.86336    
-5.25000     61.67886    
-4.95000     38.43450    
-4.65000     28.27361    
-4.35000     22.96341    
-4.05000     24.73521    
-3.75000     32.43556    
-3.45000     50.27901    
-3.15000     86.98756    
-2.85000     153.12839   
-2.55000     263.51001   
-2.25000     416.33411   
-1.95000     507.43167   
-1.65000     619.72479   
-1.35000     757.44342   
-1.05000     830.18280   
-0.75000     948.98145   
-0.45000     1064.09729  
-0.15000     1203.18726  
0.15000      1511.61255  
0.45000      1844.92847  
0.75000      2114.72070  
1.05000      2025.33936  
1.35000      1823.18555  
1.65000      1479.86963  
1.95000      1043.78711  
2.25000      697.01123   
2.55000      443.64963   
2.85000      318.64883   
3.15000      241.90710   
3.45000      217.39165   
3.75000      225.92775   
4.05000      284.05832   
4.35000      352.95416   
4.65000      437.38910   
4.95000      559.62598   
5.25000      737.83624   
5.55000      736.19678   
5.85000      782.66370   
6.15000      698.69312   
