-6.15000     79.28474    
-5.85000     78.60115    
-5.55000     78.11435    
-5.25000     78.26405    
-4.95000     79.56108    
-4.65000     82.47220    
-4.35000     87.40472    
-4.05000     94.53243    
-3.75000     103.59769   
-3.45000     114.04768   
-3.15000     125.11286   
-2.85000     136.13737   
-2.55000     146.63690   
-2.25000     156.33365   
-1.95000     165.11600   
-1.65000     172.93698   
-1.35000     179.80914   
-1.05000     185.75742   
-0.75000     190.85092   
-0.45000     195.16008   
-0.15000     198.76421   
0.15000      201.71780   
0.45000      204.06865   
0.75000      205.85071   
1.05000      207.09688   
1.35000      207.83069   
1.65000      208.07408   
1.95000      207.84439   
2.25000      207.16214   
2.55000      206.05785   
2.85000      204.59430   
3.15000      202.86644   
3.45000      201.00215   
3.75000      199.11565   
4.05000      197.26733   
4.35000      195.42799   
4.65000      193.49893   
4.95000      191.38307   
5.25000      189.03873   
5.55000      186.51799   
5.85000      183.96864   
6.15000      181.57860   
