-6.15000     80.69901    
-5.85000     81.09393    
-5.55000     80.11089    
-5.25000     81.20501    
-4.95000     84.27676    
-4.65000     82.29265    
-4.35000     90.23484    
-4.05000     95.98466    
-3.75000     107.19911   
-3.45000     111.44351   
-3.15000     121.52917   
-2.85000     128.25975   
-2.55000     139.39771   
-2.25000     149.50186   
-1.95000     159.07527   
-1.65000     172.92900   
-1.35000     181.97638   
-1.05000     184.78639   
-0.75000     200.13594   
-0.45000     196.13403   
-0.15000     190.76105   
0.15000      198.68773   
0.45000      206.33688   
0.75000      197.37196   
1.05000      208.53333   
1.35000      202.17235   
1.65000      207.44165   
1.95000      210.53125   
2.25000      199.90611   
2.55000      194.70688   
2.85000      201.22783   
3.15000      199.26010   
3.45000      198.54926   
3.75000      202.04543   
4.05000      186.61549   
4.35000      180.65303   
4.65000      175.45593   
4.95000      175.42656   
5.25000      183.91592   
5.55000      188.03082   
5.85000      174.78239   
6.15000      175.14854   
