-6.15000     1.78379     
-5.85000     3.17142     
-5.55000     2.55591     
-5.25000     3.75775     
-4.95000     5.92711     
-4.65000     0.21771     
-4.35000     3.23795     
-4.05000     1.53622     
-3.75000     3.47635     
-3.45000     2.28341     
-3.15000     2.86436     
-2.85000     5.78653     
-2.55000     4.93682     
-2.25000     4.37000     
-1.95000     3.65847     
-1.65000     0.00461     
-1.35000     1.20530     
-1.05000     0.52274     
-0.75000     4.86506     
-0.45000     0.49905     
-0.15000     4.02646     
0.15000      1.50214     
0.45000      1.11151     
0.75000      4.11888     
1.05000      0.69361     
1.35000      2.72257     
1.65000      0.30395     
1.95000      1.29273     
2.25000      3.50258     
2.55000      5.50863     
2.85000      1.64544     
3.15000      1.77769     
3.45000      1.22033     
3.75000      1.47140     
4.05000      5.39970     
4.35000      7.56031     
4.65000      9.32460     
4.95000      8.33747     
5.25000      2.70992     
5.55000      0.81109     
5.85000      4.99338     
6.15000      3.54120     
