-6.15000     24.32762    
-5.85000     21.56286    
-5.55000     20.41656    
-5.25000     17.77722    
-4.95000     18.59830    
-4.65000     17.33485    
-4.35000     18.22514    
-4.05000     15.53380    
-3.75000     21.10588    
-3.45000     18.78705    
-3.15000     16.35347    
-2.85000     13.53406    
-2.55000     5.76630     
-2.25000     2.00769     
-1.95000     2.01149     
-1.65000     2.80089     
-1.35000     0.39339     
-1.05000     3.65272     
-0.75000     0.03965     
-0.45000     10.01706    
-0.15000     8.80422     
0.15000      3.14354     
0.45000      2.92441     
0.75000      1.40529     
1.05000      2.41228     
1.35000      3.68550     
1.65000      7.76146     
1.95000      9.95054     
2.25000      10.98096    
2.55000      9.87893     
2.85000      10.77194    
3.15000      15.58053    
3.45000      4.11600     
3.75000      8.93009     
4.05000      10.09393    
4.35000      14.75557    
4.65000      18.16424    
4.95000      17.08707    
5.25000      15.00753    
5.55000      9.11469     
5.85000      6.36598     
6.15000      10.88297    
