-6.15000     186.07320   
-5.85000     136.60889   
-5.55000     93.19247    
-5.25000     60.96840    
-4.95000     40.51984    
-4.65000     31.46492    
-4.35000     27.29010    
-4.05000     26.05764    
-3.75000     34.84100    
-3.45000     53.61797    
-3.15000     92.55930    
-2.85000     163.37094   
-2.55000     277.54300   
-2.25000     428.15271   
-1.95000     559.47150   
-1.65000     678.50195   
-1.35000     787.92279   
-1.05000     906.36884   
-0.75000     1006.34979  
-0.45000     1075.40332  
-0.15000     1301.81323  
0.15000      1553.69824  
0.45000      1998.22388  
0.75000      2210.51440  
1.05000      2318.26880  
1.35000      2109.06299  
1.65000      1536.51831  
1.95000      1048.83142  
2.25000      663.27026   
2.55000      422.04205   
2.85000      277.21896   
3.15000      243.94835   
3.45000      243.55399   
3.75000      257.83615   
4.05000      303.19489   
4.35000      386.94934   
4.65000      481.04282   
4.95000      659.05377   
5.25000      763.79535   
5.55000      792.41113   
5.85000      711.12061   
6.15000      631.48016   
