-6.15000     0.40411     
-5.85000     6.90521     
-5.55000     3.21879     
-5.25000     6.86674     
-4.95000     4.16603     
-4.65000     3.03504     
-4.35000     3.45933     
-4.05000     4.54716     
-3.75000     7.11808     
-3.45000     3.36006     
-3.15000     0.82834     
-2.85000     2.97203     
-2.55000     0.18549     
-2.25000     4.69831     
-1.95000     5.64787     
-1.65000     7.23512     
-1.35000     2.74335     
-1.05000     4.03684     
-0.75000     0.79139     
-0.45000     1.97588     
-0.15000     0.69549     
0.15000      3.59286     
0.45000      5.91702     
0.75000      7.55628     
1.05000      0.16235     
1.35000      1.73401     
1.65000      1.65651     
1.95000      3.57238     
2.25000      1.70552     
2.55000      1.33329     
2.85000      4.26852     
3.15000      0.94722     
3.45000      1.43560     
3.75000      4.13836     
4.05000      0.73038     
4.35000      2.20983     
4.65000      7.72576     
4.95000      8.19465     
5.25000      1.82709     
5.55000      4.40863     
5.85000      6.89622     
6.15000      6.50928     
