-6.15000     4.47390     
-5.85000     0.51073     
-5.55000     3.52540     
-5.25000     0.60648     
-4.95000     3.82488     
-4.65000     2.92899     
-4.35000     10.00762    
-4.05000     5.71681     
-3.75000     9.39868     
-3.45000     3.41107     
-3.15000     1.38024     
-2.85000     2.45225     
-2.55000     0.13426     
-2.25000     3.11313     
-1.95000     0.07216     
-1.65000     1.95644     
-1.35000     2.05086     
-1.05000     1.15847     
-0.75000     3.54431     
-0.45000     2.24074     
-0.15000     10.40314    
0.15000      10.80144    
0.45000      16.02927    
0.75000      8.39461     
1.05000      7.50380     
1.35000      8.14373     
1.65000      1.02894     
1.95000      0.99558     
2.25000      3.68757     
2.55000      4.78651     
2.85000      9.67183     
3.15000      0.59185     
3.45000      8.97809     
3.75000      7.63626     
4.05000      5.48929     
4.35000      5.39998     
4.65000      0.73964     
4.95000      2.75651     
5.25000      3.37510     
5.55000      5.77179     
5.85000      5.81269     
6.15000      0.77563     
