-6.15000     28.81624    
-5.85000     19.25472    
-5.55000     11.99739    
-5.25000     8.51516     
-4.95000     7.34195     
-4.65000     7.56992     
-4.35000     9.80011     
-4.05000     15.71379    
-3.75000     27.86836    
-3.45000     54.17614    
-3.15000     111.27917   
-2.85000     243.33067   
-2.55000     546.99298   
-2.25000     1283.66614  
-1.95000     3199.68970  
-1.65000     8073.36182  
-1.35000     18807.78906 
-1.05000     37326.69531 
-0.75000     62710.10547 
-0.45000     92415.02344 
-0.15000     132610.42188
0.15000      191428.14062
0.45000      256268.21875
0.75000      292031.87500
1.05000      260667.07812
1.35000      174929.35938
1.65000      91295.46875 
1.95000      38318.86328 
2.25000      13905.17871 
2.55000      4980.55811  
2.85000      1923.59509  
3.15000      909.07068   
3.45000      548.92065   
3.75000      397.70035   
4.05000      358.16971   
4.35000      383.80975   
4.65000      452.67651   
4.95000      521.59027   
5.25000      521.03906   
5.55000      427.86020   
5.85000      300.40549   
6.15000      197.81117   
