-6.15000     0.81859     
-5.85000     0.48948     
-5.55000     0.21034     
-5.25000     0.81627     
-4.95000     1.27063     
-4.65000     1.57084     
-4.35000     0.70923     
-4.05000     0.78597     
-3.75000     1.16581     
-3.45000     0.11640     
-3.15000     0.48915     
-2.85000     0.71369     
-2.55000     0.69335     
-2.25000     0.74291     
-1.95000     1.42462     
-1.65000     1.77408     
-1.35000     2.54099     
-1.05000     2.58207     
-0.75000     2.60871     
-0.45000     2.51167     
-0.15000     2.40291     
0.15000      2.00428     
0.45000      2.07908     
0.75000      2.17251     
1.05000      2.36813     
1.35000      2.04053     
1.65000      1.90303     
1.95000      2.59331     
2.25000      2.00632     
2.55000      1.74791     
2.85000      1.38608     
3.15000      1.58230     
3.45000      2.24080     
3.75000      2.40783     
4.05000      2.65751     
4.35000      1.94750     
4.65000      1.66293     
4.95000      1.52263     
5.25000      1.83974     
5.55000      1.54425     
5.85000      1.86791     
6.15000      0.67400     
