-6.15000     192.94850   
-5.85000     136.39922   
-5.55000     89.85293    
-5.25000     60.83922    
-4.95000     42.48377    
-4.65000     30.82752    
-4.35000     24.93021    
-4.05000     25.01307    
-3.75000     32.67496    
-3.45000     52.40226    
-3.15000     93.55923    
-2.85000     166.69073   
-2.55000     274.68240   
-2.25000     410.97806   
-1.95000     552.90466   
-1.65000     692.87189   
-1.35000     802.17694   
-1.05000     890.31067   
-0.75000     950.23468   
-0.45000     1019.02631  
-0.15000     1150.57642  
0.15000      1381.47021  
0.45000      1701.53601  
0.75000      2019.47949  
1.05000      2149.81812  
1.35000      1944.00439  
1.65000      1521.97620  
1.95000      1049.42810  
2.25000      684.49396   
2.55000      444.89841   
2.85000      303.99237   
3.15000      238.97037   
3.45000      221.39711   
3.75000      237.60233   
4.05000      283.16635   
4.35000      360.41214   
4.65000      478.24905   
4.95000      629.43121   
5.25000      773.31714   
5.55000      819.32635   
5.85000      732.55341   
6.15000      615.42212   
