-6.15000     0.01870     
-5.85000     0.10002     
-5.55000     0.22072     
-5.25000     2.17103     
-4.95000     3.23471     
-4.65000     5.77432     
-4.35000     6.92281     
-4.05000     4.89985     
-3.75000     5.21081     
-3.45000     4.32308     
-3.15000     3.80128     
-2.85000     1.58197     
-2.55000     0.82309     
-2.25000     0.40829     
-1.95000     1.37250     
-1.65000     1.02167     
-1.35000     0.62437     
-1.05000     1.66525     
-0.75000     4.55948     
-0.45000     4.31809     
-0.15000     1.55559     
0.15000      1.10803     
0.45000      2.74484     
0.75000      2.96232     
1.05000      3.91702     
1.35000      6.50549     
1.65000      8.36610     
1.95000      9.03472     
2.25000      8.27621     
2.55000      5.32857     
2.85000      5.63989     
3.15000      6.43387     
3.45000      3.85671     
3.75000      5.21962     
4.05000      5.53052     
4.35000      5.28151     
4.65000      4.52899     
4.95000      4.01302     
5.25000      3.48097     
5.55000      2.52033     
5.85000      0.77783     
6.15000      3.37643     
