-6.15000     194.78781   
-5.85000     137.31017   
-5.55000     90.01894    
-5.25000     60.60086    
-4.95000     42.13131    
-4.65000     30.56954    
-4.35000     24.80746    
-4.05000     24.64853    
-3.75000     31.84774    
-3.45000     51.84936    
-3.15000     93.85471    
-2.85000     167.47792   
-2.55000     277.17087   
-2.25000     415.22617   
-1.95000     559.87549   
-1.65000     692.04132   
-1.35000     804.42029   
-1.05000     895.98907   
-0.75000     971.90259   
-0.45000     1051.83447  
-0.15000     1179.14514  
0.15000      1402.23645  
0.45000      1722.17224  
0.75000      2039.32141  
1.05000      2156.45288  
1.35000      1950.24060  
1.65000      1520.86951  
1.95000      1059.37842  
2.25000      688.66528   
2.55000      443.25867   
2.85000      306.90201   
3.15000      242.51305   
3.45000      223.48895   
3.75000      239.54396   
4.05000      287.41769   
4.35000      367.12469   
4.65000      484.62732   
4.95000      641.37421   
5.25000      790.47467   
5.55000      840.94897   
5.85000      755.00684   
6.15000      626.61993   
