-6.15000     0.94426     
-5.85000     0.66342     
-5.55000     0.18442     
-5.25000     0.39332     
-4.95000     0.83658     
-4.65000     0.84392     
-4.35000     0.49478     
-4.05000     1.47896     
-3.75000     2.59745     
-3.45000     1.06636     
-3.15000     0.31483     
-2.85000     0.47002     
-2.55000     0.89781     
-2.25000     1.02308     
-1.95000     1.24507     
-1.65000     0.12002     
-1.35000     0.27888     
-1.05000     0.63376     
-0.75000     2.22943     
-0.45000     3.11914     
-0.15000     2.42283     
0.15000      1.48094     
0.45000      1.19827     
0.75000      0.97297     
1.05000      0.30767     
1.35000      0.31977     
1.65000      0.07277     
1.95000      0.93926     
2.25000      0.60571     
2.55000      0.36993     
2.85000      0.94807     
3.15000      1.46082     
3.45000      0.93599     
3.75000      0.81055     
4.05000      1.47915     
4.35000      1.82841     
4.65000      1.31612     
4.95000      1.86209     
5.25000      2.17054     
5.55000      2.57122     
5.85000      2.97394     
6.15000      1.78702     
