-6.15000     1.66731     
-5.85000     0.97840     
-5.55000     0.53359     
-5.25000     1.10586     
-4.95000     1.28769     
-4.65000     1.10465     
-4.35000     0.50286     
-4.05000     1.54325     
-3.75000     2.61572     
-3.45000     1.25470     
-3.15000     0.17011     
-2.85000     0.04628     
-2.55000     0.28188     
-2.25000     0.26245     
-1.95000     1.15578     
-1.65000     0.76955     
-1.35000     1.48029     
-1.05000     0.81872     
-0.75000     0.80043     
-0.45000     1.36551     
-0.15000     1.04802     
0.15000      0.53088     
0.45000      0.17810     
0.75000      0.40244     
1.05000      1.35119     
1.35000      0.10310     
1.65000      0.13189     
1.95000      0.96166     
2.25000      0.35554     
2.55000      0.82825     
2.85000      0.78409     
3.15000      0.97313     
3.45000      0.09441     
3.75000      0.57439     
4.05000      0.11209     
4.35000      0.91282     
4.65000      0.68644     
4.95000      1.03384     
5.25000      0.70834     
5.55000      1.22771     
5.85000      0.83637     
6.15000      0.77298     
