-6.15000     79.93375    
-5.85000     78.98589    
-5.55000     78.27866    
-5.25000     78.90289    
-4.95000     80.57201    
-4.65000     83.76771    
-4.35000     88.02462    
-4.05000     95.27543    
-3.75000     104.80544   
-3.45000     114.18044   
-3.15000     124.50088   
-2.85000     135.16577   
-2.55000     145.62019   
-2.25000     155.17223   
-1.95000     162.76372   
-1.65000     169.86894   
-1.35000     175.24020   
-1.05000     180.96103   
-0.75000     185.87218   
-0.45000     190.25830   
-0.15000     193.98808   
0.15000      197.67482   
0.45000      199.82590   
0.75000      201.37857   
1.05000      202.19255   
1.35000      203.58984   
1.65000      204.11436   
1.95000      202.45435   
2.25000      203.00581   
2.55000      202.45613   
2.85000      201.75845   
3.15000      199.65649   
3.45000      196.49809   
3.75000      194.32127   
4.05000      192.02493   
4.35000      191.62204   
4.65000      190.28117   
4.95000      188.46901   
5.25000      185.56091   
5.55000      183.63768   
5.85000      180.53227   
6.15000      180.35475   
