-6.15000     189.58685   
-5.85000     133.03662   
-5.55000     86.09223    
-5.25000     57.71568    
-4.95000     40.10530    
-4.65000     29.15859    
-4.35000     23.78626    
-4.05000     23.65938    
-3.75000     30.28019    
-3.45000     48.64452    
-3.15000     87.71413    
-2.85000     157.81880   
-2.55000     263.99969   
-2.25000     397.65121   
-1.95000     537.80627   
-1.65000     668.05969   
-1.35000     778.80884   
-1.05000     865.10571   
-0.75000     941.53027   
-0.45000     1043.47937  
-0.15000     1211.61389  
0.15000      1459.18604  
0.45000      1741.86206  
0.75000      1966.15271  
1.05000      2022.05652  
1.35000      1855.35754  
1.65000      1504.79675  
1.95000      1082.45654  
2.25000      709.10516   
2.55000      449.64468   
2.85000      305.60406   
3.15000      239.63722   
3.45000      220.55798   
3.75000      235.68108   
4.05000      281.99866   
4.35000      360.93011   
4.65000      474.00995   
4.95000      609.57886   
5.25000      724.59723   
5.55000      770.14984   
5.85000      732.17151   
6.15000      655.99274   
