-6.15000     186.42586   
-5.85000     131.73499   
-5.55000     86.55161    
-5.25000     58.35393    
-4.95000     40.62173    
-4.65000     29.48069    
-4.35000     23.90587    
-4.05000     24.02450    
-3.75000     31.07224    
-3.45000     49.25486    
-3.15000     87.86334    
-2.85000     157.89185   
-2.55000     263.25552   
-2.25000     396.60757   
-1.95000     531.59039   
-1.65000     662.91864   
-1.35000     767.28021   
-1.05000     858.02289   
-0.75000     933.99396   
-0.45000     1029.23059  
-0.15000     1198.91589  
0.15000      1451.43958  
0.45000      1738.75989  
0.75000      1974.06531  
1.05000      2049.37842  
1.35000      1853.44470  
1.65000      1506.78149  
1.95000      1072.04700  
2.25000      706.58398   
2.55000      453.36887   
2.85000      303.20786   
3.15000      237.30524   
3.45000      220.76622   
3.75000      237.03481   
4.05000      281.68256   
4.35000      357.63547   
4.65000      470.75616   
4.95000      603.27679   
5.25000      719.46460   
5.55000      760.69464   
5.85000      726.04785   
6.15000      650.92206   
