-100.0000        -186.9400
100.0000         -186.9400
>
-100.0000         -86.9400
100.0000          -86.9400
>
-100.0000         -36.9400
100.0000          -36.9400
>
-100.0000          -6.9400
100.0000           -6.9400
>
-100.0000          -1.9400
100.0000           -1.9400
>
-100.0000          -0.9400
100.0000           -0.9400
>
-100.0000          -0.4400
100.0000           -0.4400
>
-100.0000          -0.1400
100.0000           -0.1400
>
-100.0000          -0.0400
100.0000           -0.0400
>
-100.0000          -0.0100
100.0000           -0.0100
>
-100.0000           0.0000
100.0000            0.0000
>
-100.0000           6.0000
100.0000            6.0000
>
-100.0000           6.2000
100.0000            6.2000
>
-100.0000           6.7153
100.0000            6.7153
>
-100.0000           8.0427
100.0000            8.0427
>
-100.0000          11.4627
100.0000           11.4627
>
-100.0000          20.2735
100.0000           20.2735
>
-100.0000          42.9729
100.0000           42.9729
>
-100.0000         101.4532
100.0000          101.4532
>
-100.0000         252.1162
100.0000          252.1162
>
-100.0000         640.2696
100.0000          640.2696
>
-100.0000        1640.2696
100.0000         1640.2696
>
