-96.0477          -50.0000
-96.0477           50.0000
>
-56.0477          -50.0000
-56.0477           50.0000
>
-33.8458          -50.0000
-33.8458           50.0000
>
-21.5227          -50.0000
-21.5227           50.0000
>
-14.6828          -50.0000
-14.6828           50.0000
>
-10.8863          -50.0000
-10.8863           50.0000
>
-8.7791           -50.0000
-8.7791            50.0000
>
-7.6095           -50.0000
-7.6095            50.0000
>
-6.9603           -50.0000
-6.9603            50.0000
>
-6.6000           -50.0000
-6.6000            50.0000
>
-6.4000           -50.0000
-6.4000            50.0000
>
6.6000            -50.0000
6.6000             50.0000
>
6.9603            -50.0000
6.9603             50.0000
>
7.6095            -50.0000
7.6095             50.0000
>
8.7791            -50.0000
8.7791             50.0000
>
10.8863           -50.0000
10.8863            50.0000
>
14.6828           -50.0000
14.6828            50.0000
>
21.5227           -50.0000
21.5227            50.0000
>
33.8458           -50.0000
33.8458            50.0000
>
56.0477           -50.0000
56.0477            50.0000
>
96.0477           -50.0000
96.0477            50.0000
>
